堆叠密度为0.4,10个100次sdf_mc循环,调用了11个核心
压缩sdf
[5.000000000000001e-05, 0.00015, 0.00025000000000000006, 0.00035000000000000005, 0.00045, 0.00055, 0.0006500000000000002, 0.0007499999999999999, 0.0008500000000000001, 0.0009500000000000001, 0.0010500000000000002, 0.00115, 0.0012499999999999998, 0.0013500000000000003, 0.00145, 0.0015499999999999997, 0.00165, 0.0017500000000000003, 0.0018500000000000005, 0.00195, 0.00205, 0.00215, 0.0022500000000000007, 0.0023500000000000005, 0.0024500000000000004, 0.00255, 0.00265, 0.00275, 0.0028499999999999997, 0.002950000000000001, 0.00305, 0.003150000000000001, 0.0032500000000000003, 0.0033499999999999997, 0.003450000000000001, 0.00355, 0.0036500000000000005, 0.0037500000000000007, 0.00385, 0.003950000000000001, 0.004049999999999999, 0.00415, 0.004250000000000001, 0.00435, 0.004450000000000001, 0.004549999999999999, 0.0046500000000000005, 0.004749999999999999, 0.00485, 0.004949999999999999, 0.00505, 0.005150000000000001, 0.0052499999999999995, 0.00535, 0.005449999999999999, 0.00555, 0.0056500000000000005, 0.005749999999999999, 0.00585, 0.005949999999999999, 0.00605, 0.006150000000000001, 0.0062499999999999995, 0.00635, 0.006449999999999999, 0.00655, 0.006650000000000001, 0.006750000000000001, 0.00685, 0.00695, 0.007049999999999999, 0.007150000000000002, 0.007250000000000001, 0.00735, 0.00745, 0.007549999999999999, 0.00765, 0.007750000000000002, 0.00785, 0.00795, 0.00805, 0.008150000000000001, 0.008250000000000002, 0.008349999999999998, 0.008450000000000001, 0.00855, 0.008650000000000001, 0.008750000000000003, 0.008849999999999998, 0.00895, 0.00905, 0.009150000000000002, 0.009249999999999998, 0.009349999999999999, 0.00945, 0.009550000000000001, 0.009650000000000002, 0.009749999999999998, 0.00985, 0.00995]
[15.742, 15.02, 15.183999999999997, 15.178, 14.692000000000002, 15.008, 14.98, 14.894, 15.039999999999997, 14.961999999999998, 15.02, 15.434000000000001, 15.0, 14.956, 14.786000000000001, 14.725999999999999, 14.826000000000002, 14.767999999999997, 14.65, 14.745999999999999, 14.618, 14.776, 14.425999999999998, 14.612000000000004, 14.762, 14.945999999999998, 14.3, 14.822, 14.5, 14.226000000000003, 13.852, 14.302000000000001, 14.61, 14.190000000000001, 14.172, 14.241999999999999, 14.35, 14.945999999999998, 13.920000000000002, 14.404000000000002, 14.292000000000002, 14.073999999999998, 14.61, 14.110000000000003, 14.244, 14.394, 13.831999999999999, 13.656, 14.033999999999997, 14.394000000000002, 13.959999999999997, 14.572, 13.418000000000001, 13.828, 14.164000000000001, 13.719999999999999, 13.488, 14.024000000000001, 13.5, 14.020000000000001, 14.582000000000003, 13.572, 13.532, 14.091999999999999, 13.907999999999998, 13.988, 13.723999999999998, 13.984, 13.906, 14.175999999999998, 13.562000000000001, 13.443999999999999, 13.974, 13.821999999999997, 13.988, 13.886, 13.595999999999998, 13.348000000000003, 13.669999999999998, 13.236, 13.382, 13.441999999999998, 13.336000000000002, 13.678, 13.842000000000002, 13.132, 13.642, 13.316000000000003, 13.608, 13.649999999999997, 13.126, 13.347999999999999, 13.081999999999999, 13.190000000000001, 13.462, 13.422, 13.075999999999999, 13.163999999999998, 13.280000000000001, 13.598000000000003]
膨胀sdf
[-0.00995, -0.00985, -0.009749999999999998, -0.009650000000000002, -0.009550000000000001, -0.00945, -0.009349999999999999, -0.009250000000000003, -0.009150000000000002, -0.00905, -0.008950000000000001, -0.008849999999999998, -0.008750000000000003, -0.008650000000000003, -0.00855, -0.008450000000000001, -0.00835, -0.008250000000000002, -0.008150000000000003, -0.00805, -0.00795, -0.00785, -0.007750000000000002, -0.007650000000000002, -0.007549999999999999, -0.00745, -0.007350000000000001, -0.007250000000000001, -0.007150000000000002, -0.007050000000000001, -0.00695, -0.00685, -0.006750000000000001, -0.006650000000000001, -0.00655, -0.006449999999999999, -0.00635, -0.0062499999999999995, -0.006150000000000002, -0.006050000000000001, -0.0059499999999999996, -0.00585, -0.00575, -0.005650000000000001, -0.00555, -0.005450000000000002, -0.005350000000000001, -0.0052499999999999995, -0.005150000000000001, -0.00505, -0.004950000000000001, -0.00485, -0.004750000000000002, -0.0046500000000000005, -0.004549999999999999, -0.004450000000000002, -0.004350000000000001, -0.004250000000000001, -0.004150000000000001, -0.00405, -0.003950000000000001, -0.00385, -0.0037500000000000007, -0.0036499999999999996, -0.00355, -0.003450000000000001, -0.0033499999999999997, -0.0032500000000000003, -0.00315, -0.00305, -0.0029500000000000004, -0.0028499999999999997, -0.0027499999999999994, -0.00265, -0.00255, -0.0024500000000000004, -0.0023500000000000005, -0.0022499999999999994, -0.0021499999999999996, -0.00205, -0.00195, -0.0018500000000000005, -0.0017500000000000003, -0.00165, -0.00155, -0.0014500000000000001, -0.0013500000000000003, -0.0012500000000000005, -0.0011500000000000002, -0.0010500000000000004, -0.00095, -0.0008500000000000001, -0.0007499999999999999, -0.0006499999999999999, -0.00055, -0.00045, -0.00035, -0.00025000000000000006, -0.00015, -5.000000000000001e-05]
[0.0, 0.0, 0.0, 0.0, 0.0, 0.0, 0.0, 0.0, 0.0, 0.0, 0.0, 0.0, 0.0, 0.0, 0.0, 0.0, 0.0, 0.0, 0.0, 0.0, 0.0, 0.0, 0.0, 0.0, 0.0, 0.0, 0.0, 0.0, 0.0, 0.0, 0.0, 0.0, 0.0, 0.0, 0.0, 0.0, 0.0, 0.0, 0.0, 0.0, 0.0, 0.0, 0.0, 0.0, 0.0, 0.0, 0.0, 0.0, 0.0, 0.0, 0.0, 0.0, 0.0, 0.0, 0.0, 0.0, 0.0, 0.0, 0.0, 0.0, 0.0, 0.0, 0.0, 0.0, 0.0, 0.0, 0.0, 0.0, 0.0, 0.0, 0.0, 0.0, 0.0, 0.0, 0.0, 0.0, 0.0, 0.0, 0.0, 0.0, 0.0, 0.0, 0.0, 0.0, 0.0, 0.0, 0.0, 0.0, 0.0, 0.0, 0.0, 0.0, 0.0, 0.0, 0.0, 0.0, 0.0, 0.0, 0.0, 0.0]

堆叠密度为0.4,10个100次sdf_mc循环,调用了11个核心
压缩sdf
[5.000000000000001e-05, 0.00015, 0.00025000000000000006, 0.00035000000000000005, 0.00045, 0.00055, 0.0006500000000000002, 0.0007499999999999999, 0.0008500000000000001, 0.0009500000000000001, 0.0010500000000000002, 0.00115, 0.0012499999999999998, 0.0013500000000000003, 0.00145, 0.0015499999999999997, 0.00165, 0.0017500000000000003, 0.0018500000000000005, 0.00195, 0.00205, 0.00215, 0.0022500000000000007, 0.0023500000000000005, 0.0024500000000000004, 0.00255, 0.00265, 0.00275, 0.0028499999999999997, 0.002950000000000001, 0.00305, 0.003150000000000001, 0.0032500000000000003, 0.0033499999999999997, 0.003450000000000001, 0.00355, 0.0036500000000000005, 0.0037500000000000007, 0.00385, 0.003950000000000001, 0.004049999999999999, 0.00415, 0.004250000000000001, 0.00435, 0.004450000000000001, 0.004549999999999999, 0.0046500000000000005, 0.004749999999999999, 0.00485, 0.004949999999999999, 0.00505, 0.005150000000000001, 0.0052499999999999995, 0.00535, 0.005449999999999999, 0.00555, 0.0056500000000000005, 0.005749999999999999, 0.00585, 0.005949999999999999, 0.00605, 0.006150000000000001, 0.0062499999999999995, 0.00635, 0.006449999999999999, 0.00655, 0.006650000000000001, 0.006750000000000001, 0.00685, 0.00695, 0.007049999999999999, 0.007150000000000002, 0.007250000000000001, 0.00735, 0.00745, 0.007549999999999999, 0.00765, 0.007750000000000002, 0.00785, 0.00795, 0.00805, 0.008150000000000001, 0.008250000000000002, 0.008349999999999998, 0.008450000000000001, 0.00855, 0.008650000000000001, 0.008750000000000003, 0.008849999999999998, 0.00895, 0.00905, 0.009150000000000002, 0.009249999999999998, 0.009349999999999999, 0.00945, 0.009550000000000001, 0.009650000000000002, 0.009749999999999998, 0.00985, 0.00995]
[14.693999999999999, 15.198000000000002, 14.984, 15.248, 14.812000000000001, 15.342000000000002, 15.127999999999997, 14.864, 14.376000000000001, 14.974, 14.738, 15.173999999999998, 14.709999999999997, 14.862, 14.795999999999998, 14.752, 14.291999999999998, 14.696000000000002, 15.008000000000001, 14.589999999999998, 14.075999999999999, 14.284, 14.744, 14.656, 14.232, 15.065999999999999, 14.422, 14.768, 14.425999999999998, 14.274000000000001, 15.236, 14.77, 14.62, 13.977999999999998, 13.782, 14.059999999999999, 14.508000000000001, 14.482, 14.475999999999999, 14.392000000000001, 14.713999999999999, 14.213999999999999, 14.477999999999998, 14.621999999999996, 13.974, 13.951999999999998, 14.334, 13.818000000000001, 13.725999999999999, 14.041999999999998, 14.732, 14.104000000000003, 14.118, 14.221999999999998, 13.703999999999999, 14.254000000000001, 14.254000000000001, 13.656, 14.018, 14.154, 13.898, 13.584, 13.825999999999999, 13.812000000000001, 13.55, 13.597999999999999, 13.834, 13.784, 13.357999999999999, 14.098000000000003, 14.175999999999998, 13.559999999999999, 13.568000000000001, 14.081999999999999, 13.988000000000003, 13.504, 13.398, 13.346, 14.295999999999998, 13.532, 13.972, 13.766, 13.467999999999998, 13.437999999999999, 13.646, 13.61, 13.812000000000001, 13.0, 13.234, 13.489999999999998, 13.4, 13.712, 13.448000000000002, 13.266, 13.232, 13.588, 13.05, 13.15, 13.1, 13.322]
膨胀sdf
[-0.00995, -0.00985, -0.009749999999999998, -0.009650000000000002, -0.009550000000000001, -0.00945, -0.009349999999999999, -0.009250000000000003, -0.009150000000000002, -0.00905, -0.008950000000000001, -0.008849999999999998, -0.008750000000000003, -0.008650000000000003, -0.00855, -0.008450000000000001, -0.00835, -0.008250000000000002, -0.008150000000000003, -0.00805, -0.00795, -0.00785, -0.007750000000000002, -0.007650000000000002, -0.007549999999999999, -0.00745, -0.007350000000000001, -0.007250000000000001, -0.007150000000000002, -0.007050000000000001, -0.00695, -0.00685, -0.006750000000000001, -0.006650000000000001, -0.00655, -0.006449999999999999, -0.00635, -0.0062499999999999995, -0.006150000000000002, -0.006050000000000001, -0.0059499999999999996, -0.00585, -0.00575, -0.005650000000000001, -0.00555, -0.005450000000000002, -0.005350000000000001, -0.0052499999999999995, -0.005150000000000001, -0.00505, -0.004950000000000001, -0.00485, -0.004750000000000002, -0.0046500000000000005, -0.004549999999999999, -0.004450000000000002, -0.004350000000000001, -0.004250000000000001, -0.004150000000000001, -0.00405, -0.003950000000000001, -0.00385, -0.0037500000000000007, -0.0036499999999999996, -0.00355, -0.003450000000000001, -0.0033499999999999997, -0.0032500000000000003, -0.00315, -0.00305, -0.0029500000000000004, -0.0028499999999999997, -0.0027499999999999994, -0.00265, -0.00255, -0.0024500000000000004, -0.0023500000000000005, -0.0022499999999999994, -0.0021499999999999996, -0.00205, -0.00195, -0.0018500000000000005, -0.0017500000000000003, -0.00165, -0.00155, -0.0014500000000000001, -0.0013500000000000003, -0.0012500000000000005, -0.0011500000000000002, -0.0010500000000000004, -0.00095, -0.0008500000000000001, -0.0007499999999999999, -0.0006499999999999999, -0.00055, -0.00045, -0.00035, -0.00025000000000000006, -0.00015, -5.000000000000001e-05]
[0.0, 0.0, 0.0, 0.0, 0.0, 0.0, 0.0, 0.0, 0.0, 0.0, 0.0, 0.0, 0.0, 0.0, 0.0, 0.0, 0.0, 0.0, 0.0, 0.0, 0.0, 0.0, 0.0, 0.0, 0.0, 0.0, 0.0, 0.0, 0.0, 0.0, 0.0, 0.0, 0.0, 0.0, 0.0, 0.0, 0.0, 0.0, 0.0, 0.0, 0.0, 0.0, 0.0, 0.0, 0.0, 0.0, 0.0, 0.0, 0.0, 0.0, 0.0, 0.0, 0.0, 0.0, 0.0, 0.0, 0.0, 0.0, 0.0, 0.0, 0.0, 0.0, 0.0, 0.0, 0.0, 0.0, 0.0, 0.0, 0.0, 0.0, 0.0, 0.0, 0.0, 0.0, 0.0, 0.0, 0.0, 0.0, 0.0, 0.0, 0.0, 0.0, 0.0, 0.0, 0.0, 0.0, 0.0, 0.0, 0.0, 0.0, 0.0, 0.0, 0.0, 0.0, 0.0, 0.0, 0.0, 0.0, 0.0, 0.0]

