堆叠密度为0.4,10个100次sdf_mc循环,调用了11个核心
压缩sdf
[5.000000000000001e-05, 0.00015, 0.00025000000000000006, 0.00035000000000000005, 0.00045, 0.00055, 0.0006500000000000002, 0.0007499999999999999, 0.0008500000000000001, 0.0009500000000000001, 0.0010500000000000002, 0.00115, 0.0012499999999999998, 0.0013500000000000003, 0.00145, 0.0015499999999999997, 0.00165, 0.0017500000000000003, 0.0018500000000000005, 0.00195, 0.00205, 0.00215, 0.0022500000000000007, 0.0023500000000000005, 0.0024500000000000004, 0.00255, 0.00265, 0.00275, 0.0028499999999999997, 0.002950000000000001, 0.00305, 0.003150000000000001, 0.0032500000000000003, 0.0033499999999999997, 0.003450000000000001, 0.00355, 0.0036500000000000005, 0.0037500000000000007, 0.00385, 0.003950000000000001, 0.004049999999999999, 0.00415, 0.004250000000000001, 0.00435, 0.004450000000000001, 0.004549999999999999, 0.0046500000000000005, 0.004749999999999999, 0.00485, 0.004949999999999999, 0.00505, 0.005150000000000001, 0.0052499999999999995, 0.00535, 0.005449999999999999, 0.00555, 0.0056500000000000005, 0.005749999999999999, 0.00585, 0.005949999999999999, 0.00605, 0.006150000000000001, 0.0062499999999999995, 0.00635, 0.006449999999999999, 0.00655, 0.006650000000000001, 0.006750000000000001, 0.00685, 0.00695, 0.007049999999999999, 0.007150000000000002, 0.007250000000000001, 0.00735, 0.00745, 0.007549999999999999, 0.00765, 0.007750000000000002, 0.00785, 0.00795, 0.00805, 0.008150000000000001, 0.008250000000000002, 0.008349999999999998, 0.008450000000000001, 0.00855, 0.008650000000000001, 0.008750000000000003, 0.008849999999999998, 0.00895, 0.00905, 0.009150000000000002, 0.009249999999999998, 0.009349999999999999, 0.00945, 0.009550000000000001, 0.009650000000000002, 0.009749999999999998, 0.00985, 0.00995]
[14.710000000000003, 15.066000000000003, 14.710000000000003, 14.128, 14.828, 14.358, 14.904, 14.16, 14.728, 14.722, 14.442000000000002, 14.920000000000002, 14.175999999999998, 13.854, 14.862, 13.998000000000001, 13.882, 14.307999999999998, 14.439999999999998, 13.964000000000002, 14.272, 14.048000000000002, 13.782, 14.236, 13.962, 14.039999999999997, 13.976000000000003, 14.14, 13.910000000000002, 14.058000000000002, 14.040000000000001, 13.706, 13.920000000000002, 13.466, 14.128, 13.901999999999997, 14.028, 13.73, 13.494000000000003, 13.886000000000001, 13.27, 14.036000000000001, 13.892, 13.738, 13.882, 13.639999999999997, 13.788000000000002, 13.873999999999999, 13.64, 13.494, 14.418000000000001, 13.580000000000002, 13.416, 13.75, 13.310000000000002, 13.2, 13.77, 13.157999999999998, 13.358, 13.468, 13.241999999999999, 13.624, 13.604, 13.254, 13.646, 13.316000000000003, 13.062000000000001, 12.926000000000002, 13.132, 13.249999999999996, 13.203999999999999, 13.236, 13.026, 13.616, 13.328, 13.290000000000001, 13.065999999999999, 12.920000000000002, 13.462, 13.148, 13.288, 13.148, 12.879999999999999, 12.935999999999998, 13.018, 13.032, 13.11, 13.416, 13.536000000000001, 13.191999999999998, 12.982, 12.966, 13.074000000000002, 12.856000000000003, 13.116, 13.106, 12.386, 13.055999999999997, 12.714, 12.883999999999997]
膨胀sdf
[-0.00995, -0.00985, -0.009749999999999998, -0.009650000000000002, -0.009550000000000001, -0.00945, -0.009349999999999999, -0.009250000000000003, -0.009150000000000002, -0.00905, -0.008950000000000001, -0.008849999999999998, -0.008750000000000003, -0.008650000000000003, -0.00855, -0.008450000000000001, -0.00835, -0.008250000000000002, -0.008150000000000003, -0.00805, -0.00795, -0.00785, -0.007750000000000002, -0.007650000000000002, -0.007549999999999999, -0.00745, -0.007350000000000001, -0.007250000000000001, -0.007150000000000002, -0.007050000000000001, -0.00695, -0.00685, -0.006750000000000001, -0.006650000000000001, -0.00655, -0.006449999999999999, -0.00635, -0.0062499999999999995, -0.006150000000000002, -0.006050000000000001, -0.0059499999999999996, -0.00585, -0.00575, -0.005650000000000001, -0.00555, -0.005450000000000002, -0.005350000000000001, -0.0052499999999999995, -0.005150000000000001, -0.00505, -0.004950000000000001, -0.00485, -0.004750000000000002, -0.0046500000000000005, -0.004549999999999999, -0.004450000000000002, -0.004350000000000001, -0.004250000000000001, -0.004150000000000001, -0.00405, -0.003950000000000001, -0.00385, -0.0037500000000000007, -0.0036499999999999996, -0.00355, -0.003450000000000001, -0.0033499999999999997, -0.0032500000000000003, -0.00315, -0.00305, -0.0029500000000000004, -0.0028499999999999997, -0.0027499999999999994, -0.00265, -0.00255, -0.0024500000000000004, -0.0023500000000000005, -0.0022499999999999994, -0.0021499999999999996, -0.00205, -0.00195, -0.0018500000000000005, -0.0017500000000000003, -0.00165, -0.00155, -0.0014500000000000001, -0.0013500000000000003, -0.0012500000000000005, -0.0011500000000000002, -0.0010500000000000004, -0.00095, -0.0008500000000000001, -0.0007499999999999999, -0.0006499999999999999, -0.00055, -0.00045, -0.00035, -0.00025000000000000006, -0.00015, -5.000000000000001e-05]
[0.0, 0.0, 0.0, 0.0, 0.0, 0.0, 0.0, 0.0, 0.0, 0.0, 0.0, 0.0, 0.0, 0.0, 0.0, 0.0, 0.0, 0.0, 0.0, 0.0, 0.0, 0.0, 0.0, 0.0, 0.0, 0.0, 0.0, 0.0, 0.0, 0.0, 0.0, 0.0, 0.0, 0.0, 0.0, 0.0, 0.0, 0.0, 0.0, 0.0, 0.0, 0.0, 0.0, 0.0, 0.0, 0.0, 0.0, 0.0, 0.0, 0.0, 0.0, 0.0, 0.0, 0.0, 0.0, 0.0, 0.0, 0.0, 0.0, 0.0, 0.0, 0.0, 0.0, 0.0, 0.0, 0.0, 0.0, 0.0, 0.0, 0.0, 0.0, 0.0, 0.0, 0.0, 0.0, 0.0, 0.0, 0.0, 0.0, 0.0, 0.0, 0.0, 0.0, 0.0, 0.0, 0.0, 0.0, 0.0, 0.0, 0.0, 0.0, 0.0, 0.0, 0.0, 0.0, 0.0, 0.0, 0.0, 0.0, 0.0]

堆叠密度为0.4,100个20次sdf_mc循环,调用了11个核心
压缩sdf
[4.9999999999999975e-05, 0.00015000000000000037, 0.00025000000000000017, 0.00035000000000000005, 0.0004499999999999995, 0.0005500000000000005, 0.0006499999999999992, 0.0007500000000000006, 0.0008500000000000022, 0.000950000000000002, 0.0010499999999999986, 0.0011499999999999985, 0.001250000000000001, 0.0013500000000000003, 0.0014500000000000038, 0.001549999999999998, 0.0016500000000000024, 0.0017500000000000013, 0.0018499999999999981, 0.0019500000000000006, 0.002049999999999998, 0.0021500000000000048, 0.0022500000000000016, 0.0023499999999999966, 0.002450000000000002, 0.002549999999999997, 0.0026500000000000056, 0.002749999999999999, 0.0028499999999999997, 0.002950000000000004, 0.0030499999999999976, 0.0031500000000000026, 0.0032499999999999964, 0.003350000000000003, 0.0034500000000000047, 0.003549999999999998, 0.003649999999999992, 0.003749999999999994, 0.0038500000000000058, 0.003950000000000006, 0.004049999999999999, 0.004149999999999991, 0.0042499999999999925, 0.004350000000000006, 0.004450000000000006, 0.004549999999999999, 0.004649999999999991, 0.00474999999999999, 0.004850000000000008, 0.0049500000000000065, 0.00505, 0.005149999999999991, 0.005249999999999989, 0.005350000000000006, 0.005450000000000003, 0.005550000000000005, 0.005649999999999999, 0.005749999999999996, 0.005850000000000011, 0.005950000000000007, 0.00605, 0.006149999999999992, 0.006249999999999988, 0.00635, 0.006449999999999996, 0.006550000000000013, 0.006650000000000006, 0.0067500000000000025, 0.006850000000000012, 0.006950000000000009, 0.00705, 0.007149999999999992, 0.007249999999999987, 0.007349999999999996, 0.007449999999999992, 0.007549999999999982, 0.007650000000000011, 0.007750000000000007, 0.007850000000000015, 0.007950000000000011, 0.00805, 0.008149999999999992, 0.008249999999999987, 0.008349999999999995, 0.008449999999999989, 0.00854999999999998, 0.008650000000000017, 0.008750000000000011, 0.008850000000000018, 0.008950000000000012, 0.00905, 0.009149999999999993, 0.009249999999999987, 0.009349999999999992, 0.009449999999999984, 0.009549999999999977, 0.009650000000000021, 0.009750000000000014, 0.009850000000000018, 0.009950000000000013]
[14.358999999999995, 14.215, 14.451999999999993, 14.693999999999996, 14.199000000000002, 13.952000000000004, 14.188999999999998, 14.064000000000004, 14.169000000000006, 14.396999999999993, 14.313999999999998, 14.219000000000005, 14.201000000000004, 14.261000000000001, 14.065000000000003, 14.221000000000004, 14.463000000000001, 14.030999999999999, 13.727999999999998, 13.939, 14.312000000000003, 14.444000000000003, 14.169, 14.143000000000004, 14.089999999999993, 14.096000000000005, 13.995000000000005, 14.006000000000006, 13.918000000000008, 14.117000000000003, 13.908999999999997, 14.041999999999996, 13.857999999999993, 13.982000000000001, 13.724, 14.169000000000004, 13.824000000000002, 13.597000000000005, 13.9, 13.779999999999998, 13.516999999999996, 13.863999999999997, 13.761999999999999, 13.703999999999997, 13.531000000000004, 14.306999999999999, 13.751999999999999, 13.706999999999999, 13.850999999999992, 13.707999999999997, 13.704000000000002, 13.387000000000006, 13.497000000000003, 13.472000000000003, 13.575000000000003, 13.688999999999991, 13.109999999999998, 13.356000000000002, 13.700000000000006, 13.435000000000002, 13.527000000000003, 13.925999999999998, 13.581000000000008, 13.772000000000002, 13.223999999999997, 13.761999999999992, 13.028999999999996, 13.615, 13.007, 13.137000000000006, 13.195999999999994, 13.037, 13.352000000000002, 13.009000000000006, 13.014, 13.209000000000003, 13.089000000000004, 13.295, 13.100999999999997, 12.868000000000004, 13.034, 13.295000000000005, 12.943000000000005, 12.897999999999998, 12.947000000000003, 12.897, 13.123000000000005, 13.161, 12.935000000000008, 12.934000000000008, 13.054999999999996, 13.162, 12.946000000000002, 13.286999999999995, 12.953999999999999, 12.885999999999994, 12.622, 12.764999999999997, 12.88600000000001, 12.508000000000003]
膨胀sdf
[-0.009950000000000013, -0.009850000000000018, -0.009750000000000014, -0.009650000000000021, -0.009549999999999977, -0.009449999999999984, -0.009349999999999992, -0.009249999999999987, -0.009149999999999993, -0.00905, -0.008950000000000012, -0.008850000000000018, -0.008750000000000011, -0.008650000000000017, -0.00854999999999998, -0.008449999999999989, -0.008349999999999995, -0.008249999999999987, -0.008149999999999992, -0.00805, -0.007950000000000011, -0.007850000000000015, -0.007750000000000007, -0.007650000000000011, -0.007549999999999982, -0.007449999999999992, -0.007349999999999996, -0.007249999999999987, -0.007149999999999992, -0.007050000000000001, -0.006950000000000009, -0.006850000000000012, -0.0067500000000000025, -0.006650000000000006, -0.006550000000000013, -0.006449999999999996, -0.00635, -0.006249999999999988, -0.006149999999999992, -0.006050000000000001, -0.005950000000000007, -0.005850000000000011, -0.005749999999999996, -0.005649999999999999, -0.005550000000000005, -0.005450000000000003, -0.005350000000000006, -0.005249999999999989, -0.005149999999999991, -0.00505, -0.004950000000000007, -0.004850000000000008, -0.004749999999999991, -0.004649999999999991, -0.004549999999999999, -0.004450000000000006, -0.0043500000000000075, -0.0042499999999999925, -0.004149999999999991, -0.004049999999999999, -0.003950000000000006, -0.0038500000000000058, -0.003749999999999994, -0.003649999999999992, -0.003549999999999998, -0.0034500000000000047, -0.003350000000000003, -0.0032499999999999964, -0.0031499999999999918, -0.0030499999999999976, -0.002950000000000004, -0.0028499999999999997, -0.002749999999999999, -0.0026500000000000056, -0.002549999999999997, -0.002450000000000002, -0.0023499999999999966, -0.0022500000000000016, -0.0021500000000000048, -0.002049999999999998, -0.0019500000000000006, -0.0018499999999999981, -0.0017500000000000013, -0.0016500000000000024, -0.001549999999999998, -0.0014500000000000038, -0.0013500000000000003, -0.001250000000000001, -0.0011499999999999991, -0.0010499999999999986, -0.000950000000000002, -0.0008500000000000022, -0.0007500000000000006, -0.0006499999999999992, -0.0005500000000000005, -0.0004499999999999995, -0.00035000000000000005, -0.00025000000000000017, -0.00015000000000000037, -4.9999999999999975e-05]
[0.0, 0.0, 0.0, 0.0, 0.0, 0.0, 0.0, 0.0, 0.0, 0.0, 0.0, 0.0, 0.0, 0.0, 0.0, 0.0, 0.0, 0.0, 0.0, 0.0, 0.0, 0.0, 0.0, 0.0, 0.0, 0.0, 0.0, 0.0, 0.0, 0.0, 0.0, 0.0, 0.0, 0.0, 0.0, 0.0, 0.0, 0.0, 0.0, 0.0, 0.0, 0.0, 0.0, 0.0, 0.0, 0.0, 0.0, 0.0, 0.0, 0.0, 0.0, 0.0, 0.0, 0.0, 0.0, 0.0, 0.0, 0.0, 0.0, 0.0, 0.0, 0.0, 0.0, 0.0, 0.0, 0.0, 0.0, 0.0, 0.0, 0.0, 0.0, 0.0, 0.0, 0.0, 0.0, 0.0, 0.0, 0.0, 0.0, 0.0, 0.0, 0.0, 0.0, 0.0, 0.0, 0.0, 0.0, 0.0, 0.0, 0.0, 0.0, 0.0, 0.0, 0.0, 0.0, 0.0, 0.0, 0.0, 0.0, 0.0]

