concave数据记录表P

0.1

8*10^8 sep200
[-0.024481974057475018, -0.04926418600003021, -0.07443697896283472, -0.09991689242989019, -0.125767583424681, 
-0.1519658158817273, -0.17854089252008806, -0.20547412598515835, -0.23280355773746889, -0.26051269380789566, 
-0.28863530663515924, -0.31712586437393236, -0.34605724918873243, -0.37539339434570207, -0.4051852029102795, 
-0.4353316362362131, -0.4660584178367027, -0.4971682142940197, -0.5287293007102051, -0.5607285386879678, 
-0.5932916872707844, -0.6262592565880637, -0.6598077305838284, -0.6937913680041302, -0.7283864852490087]

1.6*10^9 sep100
[-0.012196046598718657, -0.024469610113522246, -0.036839328451972415, -0.04927402527383813, -0.06181870851678012, -0.07442923202137826, -0.08713585178174976, -0.09993472787451774, -0.11280187569555715, -0.1257845534478535, -0.13884146470724082, -0.1519795038490712, -0.16522158500083917, -0.17853233372602462, -0.19196038717593247, -0.20546642731775505, -0.2190936647492793, -0.2327957491056434, -0.24661001639951688, -0.26050076330233374, -0.2745449543413413, -0.288608609888388, -0.3028480136600849, -0.3171035153358871, -0.331539692393641, -0.3461001051609416, -0.3606441196335177, -0.37539305137851386, -0.39021933003371306, -0.4051467628478942, -0.4201997619041635, -0.43537262598456394, -0.4506249506266274, -0.4660610633823634, -0.4815449912780262, -0.49709422409875637, -0.5128422067450267, -0.5287551567116928, -0.5446549183540024, -0.5607279747797363, -0.5769220989951442, -0.5932354993748984, -0.6097049286597158, -0.626295725769968, -0.6429959395046118, -0.6598153764095651, -0.6767549994847821, -0.6938490643227342, -0.7110583496415652, -0.7284277550644694]

0.2

8*10^8 sep200
[-0.04928909886665017, -0.09991662168555368, -0.15198978395369547, -0.20549894173426714, -0.2605487043446497, 
-0.31714007684026624, -0.3753726964410677, -0.4353453717441368, -0.49712271188492196, -0.5607973094070986, 
-0.6263171977646211, -0.693827699560484, -0.7635026245702119, -0.8353385455940022, -0.9094199243993268, 
-0.9859059241946965, -1.0647717257272034, -1.1461996361990945, -1.2304332520539327, -1.3174052223463244, 
-1.4072803240816332, -1.5000979135584451, -1.5961138483312993, -1.6953518282182767, -1.7982432561186341]

1.6*10^9 sep100
[-0.024474247215075576, -0.049283735955948656, -0.07442588575982063, -0.09991682405312481, -0.12576081760925834, -0.15197031012430517, -0.17854094258046962, -0.2054840667948214, -0.23283164454685595, -0.2605413199784024, -0.28860978013951816, -0.31715228805057116, -0.34603507452822074, -0.37538665419777406, -0.40519251901394754, -0.43536138611637504, -0.4660378105107166, -0.49711559551345275, -0.5287241287417476, -0.5607559647212558, -0.5932607367067041, -0.626259530163357, -0.6598435554817492, -0.6938612016623523, -0.7283675277573907, -0.7635090485165208, -0.7991668258960192, -0.8353540940675526, -0.8720634917892169, -0.9094402019906769, -0.9472855531351407, -0.9858151586741034, -1.0250523842207018, -1.0647128683696998, -1.105171043479166, -1.1462762671290396, -1.188094045899499, -1.2304580156826803, -1.2734923323292304, -1.3172352638259162, -1.36190463585867, -1.4072392085511902, -1.4533022352682587, -1.4999808976480051, -1.5476980920945238, -1.596032233918995, -1.6453333708799809, -1.6952819903007017, -1.7462446918577077, -1.7981243924439008]

0.3

8*10^8 sep200
[-0.07445126915031638, -0.1519654273566055, -0.23279694575735757, -0.31713887701193244, -0.40518200693508327, 
-0.4971598625089233, -0.5933256739284205, -0.693776015735347, -0.7991463890274966, -0.9093277826916091, 
-1.0249519144392523, -1.146398473056449, -1.2735821917126224, -1.4073862799953814, -1.5476628114961686, 
-1.695385303384952, -1.8508500016428455, -2.014151424936018, -2.186504817322078, -2.3683343200737017, 
-2.5590132957887555, -2.7609028685749797, -2.974183353287881, -3.198178377454748, -3.434909477147863]

1.6*10^9 sep100
[-0.036842073361274354, -0.07442965215641742, -0.11281199801287571, -0.15198247894952246, -0.19197735609329952, -0.2328155670100095, -0.27452689663122354, -0.3171414131314571, -0.3606885743953181, -0.4051788531455259, -0.4506958871301269, -0.4971416312400555, -0.5447117488365248, -0.5933185561370893, -0.6430204290690604, -0.6939130149862832, -0.7459118107787586, -0.7992017787039677, -0.8535922003312449, -0.9094966111458149, -0.9666085318164246, -1.0250391414273812, -1.0849127381239727, -1.1463132307865649, -1.2091909430787255, -1.2736301264220238, -1.3395293461815965, -1.4073056784376412, -1.4766201638460439, -1.5475911553763244, -1.6207784236403537, -1.6954082292422537, -1.772073245765362, -1.8506911540900177, -1.9315226232914477, -2.014470553132277, -2.099339861654414, -2.1866429229136806, -2.2761086090340985, -2.368101932529039, -2.4626689529169807, -2.5594708686987544, -2.658773387508677, -2.760937245097396, -2.8654704012406933, -2.9736438293564036, -3.0844094554082746, -3.1982559458289055, -3.314637590997283, -3.435381203775837]

0.4

8*10^8 sep200
[-0.09992816429997042, -0.20550300687825493, -0.3171228124962741, -0.43544477723925484, -0.5607864882501994, 
-0.693897567029464, -0.8354906514643851, -0.9858777452302219, -1.1462488127237653, -1.3174530617860842, 
-1.5002630431811335, -1.695428083759049, -1.904278344919394, -2.128550003500591, -2.3683223990538886, 
-2.6254112646260936, -2.9014219570828157, -3.197896653451966, -3.5170325235085986, -3.859228251295634, 
-4.227055120394845, -4.6229867118900225, -5.048852091341787, -5.50588904130961, -5.993330787451691]

1.4*10^9-1.6*10^9 sep100
[-0.04928111360288517, -0.09994883525068546, -0.15198275325000965, -0.20548173413823204, -0.26053488536478375, -0.31717544152578847, -0.3754342446715454, -0.4353876120280216, -0.49714631772228307, -0.560752865882341, -0.62636294815496, -0.6938858307948741, -0.7635925729626858, -0.8353230794977322, -0.909451459047916, -0.9859024666925208, -1.0648747072473157, -1.1463290227635525, -1.230552917228965, -1.3173147887213716, -1.407301797757456, -1.5003007251992913, -1.596079117914393, -1.6954082224311664, -1.7981843244797824, -1.9044539418904203, -2.014470445366398, -2.128296731713404, -2.246124392985905, -2.3680248401137827, -2.494363351271195, -2.625255894091179, -2.761037159191918, -2.90139383846794, -3.0472455395019327, -3.198004069538225, -3.355018498922382, -3.516985956016927, -3.6845495168368747, -3.8590078801800036, -4.039980035151574, -4.226963999375878, -4.421101926401371, -4.622909921259892, -4.829669343220953, -5.0456173430920845, -5.2713253786425085, -5.500199621048352, -5.744153901054662, -5.993115909857212]

0.5 

10^8 sep100
[-0.06183128297642059, -0.125790707239938, -0.19193462085248844, -0.2605177280033462, -0.33157644154289695, -0.4051950292799408, -0.4815596242283178, -0.5608683795737017, -0.6428798911593732, -0.728244178644528, -0.8174602859189168, -0.9096877298898342, -1.005289096590171, -1.1054985425100896, -1.2090021433722202, -1.3172937755633272, -1.4299997918856056, -1.5477165682496985, -1.6706306987191142, -1.7986983143908015, -1.9322503621885203, -2.071644927012731, -2.216541677563527, -2.367858961188097, -2.525294552799692, -2.6939775979462337, -2.8663834330537927, -3.047849586761464, -3.2372585682482145, -3.43358411511813, -3.6431558986578314, -3.8565544034199175, -4.079819051059964, -4.319622648533213, -4.568805400937664, -4.829004802464706, -5.101273047067311, -5.377428186205228, -5.672681061572811, -5.962295850856758, -6.269456448242473, -6.63184957965673, -6.984401744823712, -7.326454280374782, -7.668681734264362, -8.12828704635428, -8.547496580207955, -8.934948889993453, -9.443381256108344, -9.859874463903928]

1.6*10^9 sep100
[-0.06181847249295569, -0.12578500422798744, -0.19199361647563665, -0.26056973690816543, -0.33156039685607575, -0.4052051962631745, -0.4815405341421396, -0.5608236148772999, -0.6430724299203606, -0.7285180464941636, -0.8172569959582501, -0.9095040107285498, -1.0055282576225266, -1.1052376517457088, -1.2092058352795427, -1.3172770915972403, -1.4302700159116588, -1.5479450558778487, -1.6704371741458603, -1.7979639824738938, -1.9316169896706517, -2.0708849638275177, -2.2164055848280295, -2.368115379101285, -2.5269601914136715, -2.693354535177116, -2.8661537127731713, -3.0474451164660326, -3.236997217481758, -3.4357061823313644, -3.642680262664892, -3.858572734300899, -4.086139478674952, -4.323782396665531, -4.571520672321321, -4.831338541789334, -5.102318213495809, -5.388075375717138, -5.683978009126417, -5.991028142346393, -6.312147542440581, -6.650432547867834, -7.0049430328259525, -7.368583134692534, -7.736196833877437, -8.149157401967026, -8.563875422588312, -8.986352177473483, -9.449057692325288, -9.906604906438718]

8*10^8 sep200
[-0.12576086863975022, -0.26056087305572834, -0.40517459906000447, -0.5608154237733429, -0.7284413644288799, 
-0.90953134372233, -1.1053832159979768, -1.317348602076046, -1.5478212534375415, -1.7984408802263503, 
-2.0710108302100982, -2.368487543861027, -2.6931080063001747, -3.047317110435925, -3.4351003600629926, 
-3.8593676422026575, -4.323387700678301, -4.83177722826859, -5.387281375956857, -5.9945467923492615, 
-6.656193381324303, -7.37793492371769, -8.15669494063865, -9.011100244743533, -9.928318299666635]


[[0, 0, 0, 0, 0, 0, 0, 0, 0, 0, 0, 0, 0, 0, 0, 0, -0.2190936647492793, -0.2327957491056434, -0.24661001639951688, -0.26050076330233374, -0.2745449543413413, -0.288608609888388, -0.3028480136600849, -0.3171035153358871, -0.331539692393641, -0.3461001051609416, -0.3606441196335177, -0.37539305137851386, -0.39021933003371306, -0.4051467628478942, -0.4201997619041635, -0.43537262598456394, -0.4506249506266274, -0.4660610633823634, -0.4815449912780262, -0.49709422409875637, -0.5128422067450267, -0.5287551567116928, -0.5446549183540024, -0.5607279747797363, -0.5769220989951442, -0.5932354993748984, -0.6097049286597158, -0.626295725769968, -0.6429959395046118, -0.6598153764095651, -0.6767549994847821, -0.6938490643227342, -0.7110583496415652, -0.7284277550644694], [0, 0, 0, 0, 0, 0, 0, 0, 0, 0, 0, 0, 0, 0, 0, 0, 0, 0, 0, 0, 0, 0, 0, 0, 0, 0, 0, 0, 0, 0, 0, 0, 0, 0, 0, 0, 0, 0, 0, 0, 0, 0, 0, 0, 0, 0, 0, 0, 0, 0], [0, 0, 0, 0, 0, 0, 0, 0, 0, 0, 0, 0, 0, 0, 0, 0, 0, 0, 0, 0, 0, 0, 0, 0, 0, 0, 0, 0, 0, 0, 0, 0, 0, 0, 0, 0, 0, 0, 0, 0, 0, 0, 0, 0, 0, 0, 0, 0, 0, 0], [0, 0, 0, 0, 0, 0, 0, 0, 0, 0, 0, 0, 0, 0, 0, 0, 0, 0, 0, 0, 0, 0, 0, 0, 0, 0, 0, 0, 0, 0, 0, 0, 0, 0, 0, 0, 0, 0, 0, 0, 0, 0, 0, 0, 0, 0, 0, 0, 0, 0], [0, 0, 0, 0, 0, 0, 0, 0, 0, 0, 0, 0, 0, 0, 0, 0, 0, 0, 0, 0, 0, 0, 0, 0, 0, 0, 0, 0, 0, 0, 0, 0, 0, 0, 0, 0, 0, 0, 0, 0, 0, 0, 0, 0, 0, 0, 0, 0, 0, 0]]
